1,
3,
0,
2,
3,
0,
828,
196,
118,
389031341209067695989611,
3138550867693340382258177078524771671514552329663785467904,
28821964104807730,
3138550867693340384299871280050402452294799974254394736640,
91759601607540,
3138550867693340387022130215417910160001796833708540428289,
0,
1325343513152088812341467750635149026053683136611136091911357178651207272643,
1164866925,
3138550867693340384299871280050402452294799974254394736643,
1428587981972971377690703480718106917688158670535227238524565791273937320306,
1,
2,
3138550867693340384299871280050402452294799974254394736645,
470497798171167577241501221834491821865981546769203714149885550130685851426,
3,
281092972921,
3138550867693340382938741812366648598441301544527321890817,
6011849688186646388,
3138550867693340384299871280050402452294799974254394736641,
5,
3138550867693340384299871280050402452294799974254394736642,
782572820229152792105145177694740816763001980856532159945905090893343825762,
6,
7,
640126984585624630990013944782631102820301644699864366139839615702772668018,
3138550867693340382938741812366648598441301544527321890819,
9,
1197181918825637853109380331114199167502174095856969677266728684557975872661,
8,
10,
3138550867693340384299871280050402452294799974254394736644,
7680818,
22077567937114735,
13,
14,
1382340622489135876272653953911157790875729535054344472827829810296944070051,
15,
1629091876327773862048300698043080611324585833601991920779013171513039670889,
30008,
18,
1000039074136231774732712715621593720511449710499790870348861840512137948591,
19,
1685337264744422315758003496270779824690430640778989843914465691348625003554,
28492023476188870970024821741919305102523279873289445804499878455420379737,
22,
1013124562868591347932494026329583169068291565963525830672806756554592448161,
25,
394819850412602709626629612744398993580381738725812103485656773207110382017,
26,
6768564623409485775373990520164,
3138550867693340382598459445445710134977926937095553679361,
1659953998214361493297819749706350407888426802510745378863793391306403973050,
30,
7269940625103888902592252617175139933844339,
32,
33,
1122661559570921267384018079766721130013806159894679159719768395374961734091,
34,
1380740116641508677350212936244623290955405744539014448188325698690370477217,
36,
3138550867693340382938741812366648598441301544527321890820,
222009286670823287320735786294437180618757639555773721567318726743342355743,
38,
524003219444735287687030798827450068479256419439950915710756081966976676008,
3138550867693340382938741812366648598441301544527321890818,
40,
1081306694486498216115911417461695627131619066061374855984796584106461882587,
41,
502540321931352404499287398278270665773953423387279675570524389549882807569,
625340018035033268061024322321985773993398956645615401429157824148096863952,
45,
379438906061987517140439693839139263662659115683573203378342177063623276923,
46,
455598176897554951975518433047350165683642644060968901071973598007398862489,
48,
10112360833874484908434451646286452259326302718498398630109343646567327687,
49,
3138550867693340387022130215417910160001796833708540428290,
361089181821616824109533730671601453699459898913788950609596320038338987733,
51,
1692664955068353773420028887397235,
41899983418726758788672533624751758139374491093862444621422447022649844290,
54,
1497595051874994252484089504051921529080162135682137697697818094390518397288,
55,
1715348692362539629027388034252044624239102558286208165388522388071598770375,
1087021986764622665699797799541734724628808782431245436932954816884166449126,
57,
58,
316956876807786789098736066606442590147950741388285927476144173004080839638,
59,
7680310,
1534653618994254859512153418261133979490012335862016358052699702266828928155,
61,
62,
1250123262371977605071517018806184454489340580002580252237988695802486987104,
63,
7681588,
1761368066070813096371556632736080443642562993917653416098244351915259903555,
65,
66,
1380245066938351736485921406364305222421902559977494866466856560732686450117,
67,
62901163610461488098063070131263873830282055706359851585048516908248962038,
3138550867693340387022130215417910160001796833708540428291,
69,
62878333121961534089621025074116841532700949046491569726347523961033368475,
70,
1789178335757531352281535488393711565715632374994543243001984726392609121663,
72,
342878572045029634969667535539155476129187893895849145255092927415170484090,
73,
1024033163273430228337214262547247931258030312859347728686396108143609590734,
75,
146501435383992661834083599746678002849493873358636558374649254091985624252,
76,
3138550867693340385320718380813217842684923796549699371009,
827985101013581711111225302056803384919477471504912676865245970377034351480,
80,
565152546609266403435575783311742694918520345589896218602288068510692911726,
81,
727243179027163408116787192686988269448412519740002160658269785215786215756,
846946058165247180243043089892770689347265382409925083406940192969410621717,
605522629358227026658651161357428458818352127608550376869545999237775518542,
4353912,
1182885770396068416776258475038712898857052156962285097349975100489777991911,
86,
1238343925591802107695351083766993821180301103569185978901518157244270069474,
90,
93,
95,
3138550867693340387022130215417910160001796833708540428292,
559059422880807680880068599461748324226278540202787706322044981852697375860,
97,
183581022740265164882133427845738938258352718103369823918060282960061157591,
98,
232607366725741589331190207625737903551760664621580132311442055230181630366,
1043282257394596976904033142199586364476562262678891546921655254236930765989,
100,
101,
1349321843641920094201052405872029649903229615128381499433116991272291395511,
102,
205563732820297467395319549232061509734257722768439876498304724250770219241,
104,
636788108685749471676876509183240574071556521610694358071289396383974005324,
106,
5795978124846198638,
91781093156205,
109,
108,
1085158137505316827239979123212112490928188102367238046576741145837785967167,
873313334448534736731690313246116877540982033269230636519633890468565973526,
20567952818221104439521145971,
270671131472959732993844072583327084608513343873724697777364695367457417702,
113,
337085659788653112879470,
481,
9965326542706386210840867636261938371587687,
36956203100010950502698672499,
30467808611781651003949541230,
10057537778222687695168321765617620070261620,
1797580936191415182702,
9145399837059196411179771718501,
1685221232,
2161958172549463307124,
125779969142117,
545219998435105711680880,
128862748894577,
1797580936191415313783,
8112661675156119114111398081396,
7733229381460288120802334208475838166080759535023995805565484692595,
30158403643965577818527854180,
153465847446024897674664654768899974004,
1871080539617670097268,
116,
117,
35183940061496137748725530461369040860275,
115,
158725683698880849650965558127419812972,
8117615774105918945889049734252,
4,
478996618142140507382632,
114,
2377336453021328262063683372463410,
375233589013918064796019,
112,
2376940931178776583065853102273842,
117777820357492792495399276,
531752677827920460058766645567515763,
111,
110,
139576319599387027997679980,
107,
105,
103,
99,
485748461484230571791265682659113160264223489397539653310998840191492913,
11,
2239260571794252263048499128569658568849583719,
6583664,
12,
91,
92,
94,
96,
2377098149563765826360765291050290,
2389394905074888161993312229754183800537552423950494953076,
87,
1786080624,
8835901385628303216023488833775128761953895,
504363118456,
85,
84,
16,
83,
17,
82,
88,
89,
77,
74,
20,
71,
79,
78,
185528751558643165206056028551958481580302309827375265414542196,
1017804384758391938515481054349717440774763610993329524133893953020774703543,
21,
68,
1568377153443580044270392560631490087882692009066956487599493523466914792591,
23,
64,
24,
1507022272292183979662117392033651672012160643262248578574686355637156844799,
60,
27,
669160722747588018089766923011638298341503284530,
669049393246167228494552537668074061599297647922,
669093646287420562699849022609021348191661077810,
28,
56,
724721685775949864085819989227853639597585928860031720190821,
53,
168737416569131860531243690404598181350218628426860,
29,
52,
50,
659130533473171330198607486483693452746219940972,
7269940625183577871052929410204041567614516,
7269940625183576326045731942707956293120310,
31,
47,
531671395543031422264097768261120623,
44,
43,
123789393236635118319400290,
35,
42,
37,
7269940625183576940180048306939577043858226,
39,
8446605981809275764,
1087697323394597318529679643753451017631320778450798265039891418727559002020,
129125564117876,
256,
185528751558643165205969917242330531737048054423810885163300146,
305948746065601438925036998455021604526458537595577357243210876484885869041,
29721761890975875353235833581453094220424382983267374,
2613647055784354639708962280948839660363277412,
155785504323917466144735657540098748279,
608537126287049141651434340176719716,
5420154128225384396790819266608,
7237134442205115252,
141710534463158265603519852,
608642107937639184217240406363762551,
8445148841039306800,
123789393236635118318216292,
35518822562718736135279248701831743369070,
141686090797894810894430831,
2788,
18446744073709551615,
180,
125,
167,
160,
305,
228,
289,
281,
273,
438,
430,
414,
360,
399,
391,
471,
496,
608,
596,
584,
573,
119,
120,
121,
122,
123,
663,
124,
126,
127,
128,
129,
130,
681,
131,
132,
133,
134,
686,
135,
136,
137,
138,
838,
139,
140,
141,
142,
831,
143,
706,
711,
815,
144,
145,
808,
146,
730,
735,
792,
147,
148,
785,
149,
150,
776,
151,
152,
765,
153,
154,
155,
156,
157,
158,
159,
800,
823,
161,
846,
162,
163,
164,
165,
166,
925,
168,
169,
170,
913,
171,
172,
173,
174,
175,
903,
176,
177,
178,
179,
181,
182,
183,
184,
185,
186,
187,
188,
189,
190,
970,
191,
192,
193,
963,
194,
195,
196,
1008,
197,
198,
199,
1001,
200,
201,
202,
1050,
203,
204,
205,
1042,
206,
207,
208,
209,
210,
211,
212,
1084,
213,
1096,
214,
215,
1101,
216,
217,
218,
219,
1110,
220,
221,
1115,
222,
223,
224,
1124,
225,
226,
1129,
227,
1140,
1145,
1187,
229,
230,
1181,
231,
232,
1173,
233,
234,
235,
236,
237,
238,
239,
240,
241,
242,
1213,
243,
244,
1218,
245,
246,
247,
248,
1229,
249,
250,
251,
252,
253,
254,
1252,
1257,
1268,
255,
257,
258,
259,
260,
1313,
261,
1304,
262,
263,
264,
265,
266,
267,
1354,
1340,
268,
269,
270,
271,
272,
274,
275,
1369,
1407,
1393,
276,
277,
278,
279,
280,
282,
283,
1422,
284,
285,
1461,
286,
287,
1451,
288,
290,
291,
292,
293,
294,
1475,
1542,
1495,
1500,
1528,
295,
1522,
1535,
296,
1613,
297,
298,
1573,
299,
300,
301,
302,
303,
304,
306,
1603,
307,
308,
1597,
309,
310,
311,
1634,
312,
313,
314,
315,
316,
1676,
1666,
317,
318,
319,
320,
321,
322,
323,
324,
1738,
325,
326,
1726,
327,
1718,
328,
329,
330,
331,
332,
333,
1761,
1766,
1776,
334,
335,
336,
1797,
1801,
337,
1821,
1861,
1847,
338,
339,
340,
341,
342,
343,
344,
345,
346,
1900,
347,
348,
349,
350,
1932,
351,
2070,
2057,
352,
353,
354,
355,
356,
2044,
357,
358,
359,
2029,
361,
362,
2017,
363,
2009,
364,
365,
366,
367,
368,
369,
370,
2223,
2106,
2111,
371,
2208,
372,
2195,
2142,
2146,
2183,
2175,
373,
374,
375,
376,
377,
378,
379,
380,
381,
382,
383,
2368,
384,
385,
2357,
386,
387,
2339,
388,
389,
390,
392,
393,
2330,
394,
395,
396,
397,
2314,
398,
2306,
400,
401,
402,
403,
404,
405,
406,
407,
408,
2385,
409,
410,
2389,
411,
412,
413,
2401,
415,
416,
417,
418,
2433,
2420,
419,
420,
421,
422,
2449,
423,
424,
425,
426,
427,
428,
429,
431,
432,
433,
434,
435,
2482,
436,
437,
439,
440,
441,
2495,
442,
443,
2500,
444,
445,
446,
447,
2514,
448,
449,
450,
451,
452,
453,
2533,
454,
2550,
455,
456,
457,
458,
459,
2747,
460,
2576,
2581,
2706,
2595,
2600,
2664,
461,
462,
463,
2645,
2638,
464,
465,
466,
467,
468,
469,
470,
472,
473,
2688,
2698,
474,
2729,
2739,
475,
476,
2769,
2774,
477,
2783,
478,
479,
2786,
480,
503,
620,
669,
854,
939,
977,
1015,
1058,
1090,
1104,
1118,
1132,
1197,
1236,
1275,
1322,
1363,
1375,
1416,
1428,
1469,
1481,
1556,
1628,
1640,
1684,
1748,
1754,
1783,
1829,
1870,
1908,
1940,
2089,
2243,
2379,
2406,
2439,
2453,
2458,
2489,
2503,
2526,
2542,
2561,
2763,
2777,
25543,
21222890256111153774250554040619236423540521393721636935835386104673993728,
21245320925143354066983096108610645640837047185676424262357965498491088908,
14146908502504649167850112783763494321993380738064685186909694652084917260,
21267751648490082245437550755224760747746776377891947798990461384488136716,
54793036721840510987821270723517984329680565345006951422229873831394157599,
12385192295328996939742360120136253028863676517783443545076971124380674057,
88363141054358189744861646720739286930286866817876970070309358496541323272,
97230097405835377893655945519064729302399578120759710051475863734687136780,
56547785510579337308430631615528708964934640981479342595668117944306504708,
21262575312409921276419639618675405582956808214643199493855802562703269895,
47720512592832245638863701537871857165481197975180913751460054772007052301,
21245321028810167862013475384866860930962023855584870453733020718061391879,
116620568863003818421129385615912450828432118916786541705210874211413791765,
21341945492474776770929912906845573780171630077305434664555192689795014663,
151969696046260026753969759072084860872835501972068938805653243112231880735,
12414531554374232865352524308297872296145724754774571491764411943437237260,
171396288849483990184627982338236169956709565362494103280909960536337166427,
21379896585190381425498000986731767241523755875105060355715532522193520652,
10609761826421691718102623153223041658258554145941484595875499051150487656,
12550834344220751256313833498229803514160019553174812312140292396682426375,
210266895629692429703298581815289905275162494885448336445007966587002564616,
21414405288950645351589486176970183972414202488742003819084559950603641868,
17684019816802513624719414792537808130625148321962277144873838572542636067,
21424757936444499689535686830325295851880686387924772418157076823865949191,
91964214838819822425894124627510533042393931341189723037824901246520144002,
21436835992551263911420797958610890375325043811103521895043243034109153292,
17677119755645043618845409775675989096300298873980194543499627672235946121,
12414531427670402359775978199719740307798656632976602522238134920660656135,
91964048249574523437689200635115675387552335730631252999842971352227131536,
21466168414525142638632529178606641353004382351464529346738434080821630988,
21223142997618248703101967122715063869704551148532686938153745948546707588,
61860373002744850901214333907041359466240741667490232694124881532449623065,
21223163225566345950400132886798656718443535888088149242842327427439407272,
12675353745059810865212444948042758876044350651913113405393832262878017564,
21223146577996739533433274825129155629192374674794045517424011995825320104,
178472279271692071414713042640161124092354387239593008466091507731642094727,
21223163246957905197121776174764399629738023025441799508922828950381539493,
21482000618527927265489621519283187639492350527648889481687744002481372316,
335959778035907672083053288657959658457904274404421375157987391660605180940,
265047785493583067549496676287715982186940934076712308001358059557963863047,
319835573133184454473699598663600614205794860395853583507724281567602815159,
21517970248953921406578621126940197946330421620870874885502505125254545420,
22990005441042799842406126700116960569684784260543721181164931303556190220,
233244538296114736739667237085835229271278766458357011056951831435331930310,
319990862425987202927031029936556084353026313742345421813620696276766045359,
21528292533878541967877640555868525090051761659308882987362441531193573388,
341186125456981050995925581680597759628096477597071466487567022709550485516,
21502449738074976822731925358131179087794744674442917196068256006320173068,
309426014205632751703689442236029409467560370159193776590493814936257572876,
247379314794770906658231703689453787290292503626044067101587772829681594381,
23305492218158116062238910769921319363105794830961527465451753063872208079,
21492078583591417953437218152256405655764797411077653582701447772834558988,
295084185297077608644964058177854636326477377593761089844346500610995209228,
21535534647625554977599318572629833064196908609679997914865503636033646604,
21223178571541847511418526075922573994967451296301065800855260012156648460,
249146163566027505460334492459859081028851388056328798065848633076839791736,
334129089817421583318441120312025647568445956212496031358668994346027593741,
21535246519777564983216729044447778486099895229995516825440044442633383948,
21223178737744235581997646915096462644532839771764011898216835746182059020,
21492049940590627403861189081822917390925851212707517041237955456442468576,
401464252613258462602916410364665197855463736910450786166488566116079834124,
21514640688958489793765663295388779336249399247035291521592126635732120588,
28290563417878932954585768573459027278575154989428843873696472391400601616,
88369980742247347246362774991105368618717056182983487763667235894085258474,
295106615972686692513343996416183658207548923734157766556932793328797233326,
21224954377024907562271288931191745849831198019727000049503511717543424012,
23338275513305401056462468947000789315464583655756974356034094735277699239,
21490332929017795070330302500164200946925838944162644996283622601340918796,
307443489429982274697985531799360859958018098028106307115500110898233827340,
21224962802008240738816275247801701822481048654671043151688016033688334348,
21224890452462001949149206400285959276612914422804868040184332391972609267,
23271160409166698111797821802794322948017576539466149565592801390043870284,
21224890513345670579384445730950709857676764451107045243452130742181786636,
137834796778684627532820069052432226007485333670908075752324838755750917342,
439965646642427061583082087058731133678965746778472161890178928661359505572,
441734217371934045993165773063910264636140354135049946628593691598643182599,
21223163217340561674244757637865441428501493714523000425455036951817106607,
169638045650704535936665941976506478067198478600544132280299772464046718050,
21224890445879983742952084496352320285737202794296271648242466170101313549,
23270983486287286333911865967946132908081627997773466138288745791961969754,
21223148052757701651538387983819650996589349652890012772699035528032661516,
450566727249385525912739273509052701967577526913164197745262085847244782604,
23113968757034390741609682775121851546922916579535247521826357031817195701,
21225011666911575309485700988039026995923930278545743307702428526471994380,
355156987572556723138828669899029349570771859387628120414469752604546052277,
21514581714075178887235276231080450923147865260581546279288690280141697036,
21223148060598330564859017491178683026135885138332994782945333400886637584,
21514489041295839565356742216769342255819843183083447254983721368497077304,
22990005641794355839906402520855224954435602730369522024372792752545730576,
113098937871809744051273544520905327564222320942090012725696156952020827397,
21223208720477953843146976361742809051576878551078316789373146803338228911,
21488599480213904681841864598423403223235104470321999269971996331689025780,
296842407274973615860067073227363848169115015545766020049678292782836363277,
44191902396061661963426504191636985172050086825982816674562263595083640844,
21224890755234840496251118419413864325131825812347067228591949131510984897,
470003770399847319605470913457261236498579809813214329943425072315978757380,
319861454681984774714562586898498852444230431249686225827873137411428987061,
21514481035578711206842973048279143798587901034893891713613833542678102028,
21223163299614051031433294232605297610942303812930460752051820647867820048,
475304311602419636964878993990465618026257561551118185197813389176496897083,
21223151856776966353166857300530104541039041573708109292249693016623684878,
21225020091894908801723114525810685987996390904796859637114464800247829721,
307443489311505946570789854191049149820458081478008212516612778861819600144,
21492432432891433728899644863225858398251267551006771354881543519015546892,
21223143313315697822163970355884112009993598550047414019165175960055293964,
61860374862128043005351697063638025320484410348361656683881611732038367262,
319811860531917634763163560576486494066127948292993723202685385711417336844,
394027622877983577098985846005191997327357112158962231101539475184315023372,
302501837183219744809760580342288948984762976585223227059955127753668309005,
53026137688957355675649261276581007185136975533450896769157078331448898572,
22996639069139213224344259520992699046289830469892347484540065392724292783,
21486873630539678695009558933355009570416665357355676457899093160536225804,
496566866398861972426210360273343463452434567974319655416697381126871918604,
498271589322924266592428111495764155840650568038908572631433322001410825223,
54795164872608059896009620220826818203971679779699038002266569045002165255,
12430104167297874687738554996651902823851509618835916879409239994056842439,
21250489150548018414623116041984909930029750210396029992140156788553035800,
22981102089780836086252864139131383838376728622955265182527314014140117030,
21688758182234373676398586800577137384994399515131580711821056123357638663,
21688758185864410946818155292308316868887063762711767713326679196459605033,
413463393586022132627877541296128484516062822023087585676558743648005528805,
12390372006405154976244769617802531090330986576529532605283783864490359815,
23377975997604245486904446568335232842348573480303227287329628255423850508,
21214327094889369982590802831982876820366041360587313514566379345684739354,
21647348041474378241469388522759906612779423591810060005098349006813147418,
498271992035539924480559404674155444166106648332649148897656450767626712346,
127653406779276475542190137293066966512090985210010539713346289176956633100,
12380482698372905989588520394842122718283473807419047685772047761174456332,
107789885900424793005736626414276121129071530388009570830827200270097718474,
134302871640568256910944189893955139817673768026998562253997183568657506316,
427597811191709604559403683741119007515177475057392119180564325485198192884,
21312612989871295573997485297051627284992494249046852891957016353812277260,
498271732546352143382086780034003632290104171277077823320575667216970690842,
21255665489927193369570158239198771044092734781854671510901334145058834444,
411696457208326266799141065950471398050286092853891267762910234447307616320,
450558259889437454158943001989106462540021362744229213004118655330129569804,
12738910483178096639769446743055751875921680309432491383524646068976365575,
95430498983845084503785982394512879635655605725446453691507832746403981324,
21585232296379627629730920610851984385332315085701309566922089910218549260,
12716479450909987942326124379986935035777871079139101191784331176111517978,
21409596313446969734198118291641681548004719939822807179690771056662177804,
498271941485636709631123963435552269747308293695730430383173878504893722906,
21688758136160539526041149205430269545525689326513883977886871163013126156,
12390380360565983024003124224956349117999569160133524469116161040430669009,
12419713235061213446400744466271648891820759379343332100066257048640173068,
44183266934594775691690894395141469513553794817420433630097068487715336374,
351623321691369077207561066185444336403428385740808951818032923377416548359,
21516214507101532464853382800581297394616302226148863696297934543498012684,
21688758126592491447259882793800967977458820818059716380522898869071130906,
75995604213383186093888035912275626089669379210529583038402973460415388889,
12447320220448709957255307588860132581262883901424093286840281928150768647,
404620136790396126480703963306095442026974204000641746106598027320103022623,
418763934780334841784202792324812719913172183896876338972359076155196749836,
22981514606264471304561381463958656042821630928922999555252231047953489927,
104265157249782730850058136570332798044257021184528083977686169286994833415,
498271680311174261871379062817942656742799031851036972303236675701823489031,
450567181946355348320621949321424728182944363274446364219502124294619536391,
21638712142399672545604469482019733980851914153845208821772097108396208135,
130767516104028159502164387682078171408950096448477073017304355098494776389,
21341945494120250361112573014738963209469103561786855066098388377830451212,
21347122101716788579929784260684382855573788523482109414867668070004961562,
498271727491410351421942119456387254524092931778534916017302275847681488154,
21688758545890891829604991690458975691345565261280100136459509386559186956,
22981255186020683313854683219494719918609089901361244027771969215793208415,
21654249453783497292808882801016942601803671280771815106007024201577279495,
406554442340193395745254917965541887523180130716648549854161535120323916058,
21390257644500238880894531786547131320916822560056944177947008811460998151,
21588849629131162840492784332950177942255094900504799265770855686164459802,
498272002145519924441369969789337466235358624589928676902934123435380453658,
12758250699014813887813351943187303772799519918826864386713416499769496588,
21688758126677659497285955827049435499402845032952188519617583422134819853,
385193840549545804729840172110693539902473283555789021028465807441883307128,
376359605225680882502371097953933683358603756217775114418824963076058735623,
21580056073839299950128197158226235055439297532447671672632732055899253767,
12854522802514165021053068497919763333526637421708476499193118235230950582,
498271589322924544622366725788592588535674210021570893784385593869314563079,
67163094326069605707446786340244682165372281967057834056949523010398723079,
12442192333384758378843921932550785074753629539916200998757157193549618391,
21250489173585082217130476675891118206901862807305245953470752506770370584,
22981102167119550280370770585690617255146326713536505009627254621554618591,
81296145407663679640760649763497129054944511328249664200336271256158482439,
12771702298747871215154031858900432767725438443070976398367710674454350855,
54784736428646034996845701681596726277664619579939578246701764241294105815,
21586949020027824670538904733492245426268864047289957220548449113334640652,
498271589322924315589436947903523645314142138607379829939560332154592309264,
23455606958368016902754909915105212866138047140471040340271685426917415943,
21688758126348236951481080741155017460841012030130985678077037267026970683,
23455605293087215158858665457344928009419703789560779661102037201021050118,
134301557351418252870205947565585187816671460649327557419408305753257410819,
12507710500983169761147853479636182815047121238124196417953369665979901959,
12404184305780942542641976939878322948381509123884611247155040775450940508,
12854522802396858871776219980528960717145327698239488060683397187449664607,
12521901100702855741555236114077087906729688227406524000324510936686864391,
21378171262148601523521016823908566171309182768160897823078103373580349541,
162705246676412747370136118351975624767166420596522179541452289520808505433,
23455605345743146002310428216615075601405393796912576852369384744575573228,
12854522966945801459322053066979305084480345348950882847758663337022560360,
12562924471757266726515409874530283449206596901293428698011385605470098439,
394019170666495822711405177461085132159536647651619538736363917792658862111,
21214264750286209390118677407567040579380376588132963078014434058614891532,
21688758149324367270966123314121699182680069693598000175164684514270125338,
378126452290782261682284572514509804617868045098381307632536416079743818874,
450566759004285872307630640588074113865883053429379300901108250794319172620,
21245321278927161880721655022572012735027156069583501670748729356698544140,
12380482698372905989404745505842876560859141070951280091403509488930533658,
498271589721136648777199533142895027803549361310601178747206354274751623410,
21688758126613381831461015374908783624426213867034297443192414220066172940,
21688758215144456976692473726969165709119410225615899301105925732632108237,
247379769496845971232675427478219122244397756544993953654460662120963906695,
321586992359996544875032566936209110481320585230853665323513534782101492743,
12614687569358033041077555656895304476528845172364292436227649435891689484,
379884441328175415747933982247154022833586153565070119323844021707918548223,
21255665425752515633884485361432717597586967724497235367805620627726938119,
28290634041578277645970573735845271499700038711458619627566700898296017095,
12854522802387217156426164248226147046435094315904970209595150607667456012,
21238419216643164038240397348253125901600911837095891645038192103930212359,
63667225008392594031222981878046457636113440573536457451618563402344968474,
203199502764649327693084614588093240087763085620893722374353215983754438668,
12380482698372905989543623344240657457182204720301057155996453199383926796,
12772072555807346648399742874161780343362980261772439760552018979465474064,
21243587440462970036230281847660085458480250663459352619714758545432915992,
21618015260780506018044667714506989004196612994881132387741696150435016754,
498271649981309787027598836333972106874848027209242597087399888751502045466,
67152691157044726067217683634806709611363433203205068733994218418163686407,
72452907147023206251073239636742907341702622040831750231393078634275198989,
21276370773396188108244350494837910588774790212963998784249535820569046028,
459485523878952221224937570276047846794175361592955200482368782872713637919,
12487005261942504615249488075713768529390962942789411217842993353385580608,
498271589380516898247094561231343320750754009177709231626968553612447334634,
21688758240214364897865468907471459649717713707272134501370227234691950604,
157270569193141942467928377811638571812480965725552330081311893200523238478,
12775153171920969852019054054404076545257469104368874275215806533912984583,
524917515398929729336190876450265612712041719560879477020859031223009304797,
21654241119311233189563819227659271121393910803257404000128295466632839180,
180239542272254706655090240064092301166745373231177576607245148528165531746,
21628367982321756288355289790451676548129312059894927344812873920909961228,
498271965075892147579342442150243792703552845350133773603599576808264053018,
54784711153696034613615689061041403574581720423460689184635872666082984972,
21586949294827085743255142657203265557057096129510682602587736459387854860,
498271589322924580757390123686725065362376560160196213698919187658517262580,
21264292490209675711282777992903789969353660308995193429717308328356355079,
381661762323900407535148940636739005811193084148915826325588642635362349178,
21223021677805225603111592645246054074497424671265595561273899105650749658,
21569703367099347291933758567773413197367227501664605677968397147146840076,
127225078979179140483288490752378957007077723654908789163453749567374242074,
498271921265668674559532875993362158367027611871114798719067767057506591756,
498271798578457754918941553706348001371579345358265653183446180433975521292,
21688758134514826255097717599876294818460527331524099828353289563598360588,
249146616561929673799862823070917018522122403094876285096921558645237357705,
49492475299480143829123936216596190830395699549577094341482416277537444876,
21229792349646845449589514443280151011995169955271329072056571976340498444,
12380482698372905989500419753184414409660232878090856550711180989184356634,
21461000544554906500008525747613300207132066120138754097048241093627359304,
21533770458090174205991922890398505505415078011606053399647842431087423770,
498271597746395443375595414646767544285292079129068567537554214978497556762,
21688758371467700638699548619766711539803178599756710242061904421409967116,
12854522825432646490161509738031175499001336582129394602357235494736113664,
394019313891212491826579443360448752194949107201237881248444186332693225479,
44485681267102547113887265215553150489082730094083864724319004859882812428,
21267751684691151539330764241007192163420829892381673951473174169431076894,
498271619651257300874797096125392298678567910130543540868250828636297376026,
21688758185525669968452875713915184013843110689998692424296354582413671436,
44191934105291222202401611829691243420224855002175688892537142970763194600,
21605937518964978856288106025020894369776283436949695567298298600518608908,
498271884195893059127727629111275409996871718461098600761802365078929944858,
12716488327973201412199111452593321390282954726250073421827527105551801351,
322052759186369407288143548554197359659001388401108720414045644635402940639,
67161021771895868202697675496085582814494503726479233732716092628318320665,
21245320962990010682573737870619862938152169962835134814878647492714719244,
498271649981359602166334509766193556985189540604635853420710987931216523546,
21255665491572697926834494565137789428780323877244094472622717061086552076,
413463140828641704287856996990518576493550326726909705950797899446462984217,
12419713235061199514470338108050469043831544586235721920883289740592572428,
23455605479029065362142000724613862938185591068357986706675957228191620293,
498271638186517918024283710088802160741552325143625931994139792488264834230,
404629158262122176565588943043381440426871153707956916043454193500685343751,
21300526525573774225874970949711957403625744909687492649499839757421860871,
215567814547792940955266855592079069679909811823560172841951117929890198569,
21255665118476613327011501058186398124091139912942423326369119989791959052,
88363400543896288153616521643464004528423813490526686311765485767834480678,
498271612930987977256842967569784455465164750478325147888526643868800935948,
498271884195910735420552412114687353912994480076804484426444500954269111308,
21654249741746647725498954576272039720982468020965276135117749266478716941,
21688758136160330812595519807873528388669797267721268963813733851271798042,
21688758155935189762154819005536208449295289651035675889425078898469641292,
143135792676656788758590740985245315833914107885619418544900764855184661529,
148436333869622830539762206967672209227816993181283082031737318117903184174,
157666971843255555640505786065215809988473713772026939227403897950418518023,
75986894465999980193302723685133925605909504620624675233925964761273474138,
21540362314462216231369255895639136504527665155047619709507099364065283084,
37590382076388135992948604044778196463765181911690459780722374947998019674,
21303977342904146921050761219488586914548358529596015520893401989393920092,
199674678005194607332174756232127577736527005065887635366854442449757024277,
330412676334473986881654081176497834305621357951512939564458891219680126988,
21357466235378317726839730733279740465281764970054983440351312299996337164,
397930573648756528090436894885309133736602360086177842687519779718338457695,
316277714910465957739692407695858632312161034664667978450508256149093083256,
416996684993458177346571870916232707306442070532709488234211202150315349004,
21574879556737590268296521358165085507707730879702608376226702659277842444,
325111950234357868402912827812759049065919222430895790865832064978005274906,
498271993720750313551575642643332895752068841393691598639612507157235262476,
21688758536017938241573759167699715215377021273215752917434483961104658444,
12721865024294386151570105187660588916335233231983230157083325503332424908,
498271629761471913955982673844418997128822505392726937038601936993895062541,
12723390074320351340042938068184210468391781751086513898735487116680109063,
275640552126077408324288650763806633166804653843848130884995667871798407211,
498271628076190819225233845149192610676731924235401619771186043229659336716,
21505853423547770937884589365903698585849310550967160321464350397326957575,
22989868742692881719704443024677058242340317739918685401308470988781924584,
256531250952956912736582814844978973645391132753428119828425794441097537548,
37418293008223586815773102370095457019548662722502009009415394684518419651,
12380482698409864094575088327360959663588782660635877596668652570653254680,
12711312018213138311676908338140307184290764685913661532241952912490639620,
498271636501272176248902522052688974616069957398500822293939104259484168497,
436423668720843716227083339396181750034569561404692554239526706684541017095,
12752723739083665923030170008658003203052249675355610409370337048478835724,
12380482698435575373002447364166347798594754553410265434166878327121391922,
23034590309685127195693962804280752513429979368310848141766523067601793096,
12380482698748928005056642068790650986184256523052641354644569604644456491,
21222942483170792793860502094303632688942128178988889286472282907248439544,
108223140767069526981079393009776690532736806003785031533231781616134940684,
12854522802396858600524537037206457465443276878918748731560690126392721668,
21688758536018242681087244038577984090068234707742903076248549670088979463,
447033487817187458803025371569520271037615290945517984115606139672305081599,
498271671886153968529734051141344600952785845260719379789111073544962326540,
553035346224681677606343517522421810992964007006815017031109038726834108428,
12854522802514165021053068497920076393304204685094862749644603852167589895,
21747738104105713207458825028229565281270473422721287553276832858802106375,
563636352400490715807805950950660973554545726347169044328425564497058471114,
379893299355210819653389988989441217234382268096885511750927141598505503756,
12433516727755109998791280235736745126476461088098518305712448445870312455,
67161441336120088337448466921134990024101172050864085349013367498167300165,
404629235764083599730923944158203978958677486049750481648607061974102337549,
88425196641419696712079217407755463922055857491683994122916314159553734668,
21229783569676148360335837776656851547962721412450765541122746773845338124,
21776826555346381875260353679259892337612399275626395553535081788876009513,
563636387785420716772507222737313649542928483966773805927925491167533210876,
455867723140681345825471781521386713414964092141994929917162071609273540620,
12469750896075515651707632653436111461204385524167691374767914798859750407,
21780293893870221982108228092308252105618754009359247042259763583394000965,
54784453349206029941180701323652031674545193551324743536210766718741519622,
12810077655624695606143828747422812377080449170224911436023352806619717644,
12804485593895170280756090693120187043949724432838151604159899822263906641,
498271589322924616522949092104120537165607030898573984855710669279659570515,
431131864233902392629334846921600072129427879559316428238140092951963900935,
498271719066529861964537281295923160785196221505040884987143990805041315847,
21688758521208364270960153692972447587544617730800377063394706444470278156,
498271589322924368577433553471132343089414679901096457409991146774738246898,
173172192776544315040692780236286436245183574107980762156739542230867385351,
21688759957734274362895963753504778443730968224689597778784177193956184071,
12552571852237055772090586068714970057610015580787313602677496057348580373,
12404184305780942542641851250946564629134294266319819816960994465867116587,
12390372110014271029600901047186128142039594623667684408947716145237999962,
22981462302799493354850180882421424441662414849095403694501172865488152588,
623709471067325789029407320640206130288451755776494512087643686619813261319,
75986869191049979790150269033541533310781108021120393572865044341314517005,
12854522802396858826106550042771973864446119618563007060384915180795043852,
390494506425406875652664462085158117352423737652035191445762159559456125959,
180239158093186642129208917479551741199602845968882729230744099625330042892,
230070083510881010676808580030215543157849272407412989114849121112638646284,
21238419205124632136991968205331063594609769479753247851804692852753052679,
21688758285901171772806546544321837543380259249467176998009241328786873626,
21229792083074812553142285168074593435308457599284797247619894351183748227,
12595707766904496795762053292854201489118772941003736838018955070839725338,
498271729176350775162047088972220586332454176766391474873161807738497413478,
12923531841313704869741884147936415763512197645370525763539279027494722567,
498271589531903629393087140017507505759674880446359970859320550213678295052,
21688758438933583648328158735427019786954707586718911605703281266275654663,
346323205124634754209117534787198675535082840562946913262024617921312988300,
12854522830369095821807279539810465537644390226573728052792651371491901452,
565403467379739105012769574672318351096718653920812284802891533524949825543,
12380482698387366945098011513978917340297644978137270375905128599299043335,
21602486336436585563218606492097944618738647309360154487531551257681473713,
342789510995166367143917481412491403593939619018449439986957199672534380826,
339255816865529251084477094725568182675213687071002768537186030665761915911,
21214264750223491842918259083250135774653969747128386272264142480516099079,
54784349323265318630285536650139346280469553893071591907819304018852715802,
498271589322924238863451993463355701814490986692076022020704696032691462156,
21695651448084511684173423914520084267867797427983725843274338218224393223,
498271879141269441113349805733312784521052632238960348424831205332221964318,
312753110893903346702019929845887157879069646737223675283632742795333263372,
12894208296403058429725556565907962530002771351383901421856541104700491783,
21688758126852815437611077593905956838031077118553517691068762411828785507,
12428660430815288543653267636804297631577061090863247462183488808242125852,
12752722496293851872083143943742142735976125783542549947258210696642441240,
646678494704421451893558486847105246103674160304766898648600446208168702175,
12390372309120353726843370270943580950476508694953940855413450395748629686,
498271641556490361589401070415510712627254404410978835238534156429781395468,
653745891450671479034073789622624705998245361780006837945363244825680336908,
12380482698372905989293694983542812307087893051818354859215140807002583053,
159028426801137371963647447729960600946879647409405422190505792681876140405,
21847490277011089032673557793465232096614902636702837285009152381619811340,
498272007602360232357940027877908461449724936918742225469086361682620461113,
669647127866142790703074948712611383596176462692444431532844666203291053077,
395786238574009002367931133685583321562308044682561207155595817200365107212,
21214785413904394870243667527610782623494273839372744669861908017622278156,
21690475267885828961947895651329738092019466168129829144822968600026427674,
107798527851884994107011332935700104177318552540168778979380874823589703766,
162705369251692510092569159391380428515272839848043704806390642322870396940,
21868195106754275545920005675501199375380364170130562919971005904746282220,
107798527852114786247340368545102604768486390754393696863625917212863246410,
178853745431565746109933418331992640761469693624551872393021867511117015052,
21574870887015676584954028551354425793665470468937000010316411721613418598,
498271589321317300616903993266942449478391231312786190074386774515456684247,
21688758197044208147069444222120290047126150198966226389295132527750654988,
21326408018531216253359924181887856352562067556056079323202163635381083247,
12854523118332504771574140030526175172945490636031324325787025892746211363,
21255665471826643239008457292038653972341493919933066401145374391065077767,
72461810661084487088836245748665004150569649197212721195369762206131433479,
498271604486446387748178218721229166924451291881529369426516824088639727628,
75986554096673307321460592480402488770738774520290742405250959326974057479,
21875096898741744119546425191622853044150656219713312636317503204383272972,
23017344931555609616021801968481035191487973777926207823755603362111828150,
21576605386599889663215094812749683642893036535122208820050581033700045082,
12390372300892876744996561000718034505113553073291951727400482030624977178,
498271968445853342397719197122606419352411144885163440678558625506537007116,
21688758164134117000384918863287851771117882992001572254224024837511424012,
404629053784087279508865650141155347148333256829580496053052953390593613037,
21253948461860701871545265340435519104724145506038985905351705381948385292,
388718444566379682299330621311582760790168636386398585384926210108958978330,
21586949031546356571778367562517284970194486362458356495405926020582431756,
498271604486587798049391877788147390025154398685326446725019244927488372766,
75986554096673307321460592480402488770738774520290742405250959326983494663,
21875096898741744119546425191622853044150656219713312636317503204383272972,
23017344944719646074591450305720788651946777817788094758047614305755476150,
21576605399763926121784743149989447992387582045014926573106657765661618458,
12390372300892889299200031774079562437221086662468295021257563569734562074,
498271968445846914645542161161504251508029464222108099485294934207734507532,
21688758164134117000384918863287851771117882992001572254224024837511424012,
404629030194133945752055829807517146006156417397079126330052032424843418861,
21253948461860701871545265340435519104724145506038985905351705381948385292,
363982585659482301685164456301181901568583861830139919971223627633350684954,
21586949031546356571778367562517284970194486362458356495405926020582431756,
12854522802600939727918730985527606679739745282956217436920761622529585182,
12388686938942847280607564884371693665312241430579344285588297827871842311,
21229792349646595934795532797029394043600512564303564907925433310270220300,
63667225022029070552186466252797030436875982938483700748187023112237232410,
12390371994829047635643254882564506160990186564182845093581260813426187302,
498271655036799544909471988543682425769227765011504698800997270461584009228,
498271968445829237982647496933713225070191002314725741330503402575025640460,
21688758155906292913175450117365595707159379404513061001374528352145162252,
445266640752049120216668423420824986820962931864779532707952134491126897905,
413463621052322540449034609482235366712831355877420313335093710166319071239,
21250497369835209881583747443050863529090727376713254298715928307322611724,
459485923300427023103766306376853243415410607379108112087897584209962742042,
75986614756553308437985050217108338989910949823464480865450387153435499584,
21919958613652389952166252476055489162690290560808438454579313918802425868,
23455605200939229864153355128066966714732802609334614570903958450859946246,
21688758154261025316125983877287903955085018406303247131150245774144755725,
54793439436021362268855191093100441155676041050809277720793917416037948441,
356924287513399875284263056038732052816157463252835591707218215946395372551,
12438693037514881219754862554827129584529075449169395558653701585669360647,
28756146740879563674976151342356017361066685731009598135666394590008586351,
21597310155025628826241075941179149225922762290202891703457164449106925604,
63627251817557773227673986056479394843491396487492141064397353114151171354,
435060607523434425948775217571872726482523614016272416342424157513167693836,
21276370760232151649710619937629578000875853185118350511762702218231297031,
498273323174631534978648652547213529918717491578761532605321894311241986086,
21224615723949604467151888940607936534613622117504599276724287448729793549,
568936845173774883916826893840025654192995231673907739470418088977376489754,
49493139187975596786362011819485245341830707298899870041456176643319017479,
12711343590509343266202684664297132731917122806953169781313422168934344716,
21688758141097381176389749607171456308302887105947053809210593423962158510,
22981102407370819258887441280372286726458038050668147309363026356316675093,
498271884195733972267462648182474175721400213087593128010997126006650712071,
21688758155906928469417863017407768706311636243626724776241505660256149516,
12380482698372905989482263864984993075116326949124305315523984717463433415,
565403180930305766455999612512356553768625447109787171314690893625415446967,
49492898241689423787582012637726061324810669739617007787074613087428423687,
12421438671647923642167663956683506695221800909822150108960707156876753927,
28290733464321493232986906155701058834003409643623162739886856647813902624,
21688758149324723496320887450874341941938626699400669123839047486182583303,
22981102423825864832099506086426890550057065182528495142929215167370632217,
498271617966721825635653743542849122950027940134105066526258977813525704711,
21688758447160725101011247093728450951971975494806059158257747085411514380,
21688758172361802991572110507745820087230668681393220630786245773468114122,
12763075115814029871369167914883672851038852350376015001427284664439020582,
63618966697547956806879084002974474493265639298266717162617071710131728427,
23353805156464706281981554460395561702004925908665434151810759653624865804,
434665841434937147256457919955992931109980509267033369780994875878419738906,
21317780917509789907393680596284091300147222835736260577525473314435524621,
456262395580599173485268613885808066025465057177954793688336493132856176696,
21276378841296655862255777557933513045027779133085443611352026397679052812,
21988975667823110376953660679223302309878060497729449219742011835568632090,
21255665527773798187966877264276463044087454602997328952614201103516446972,
127653001973463224688703099971497903705634159837502275006375490165871226921,
75986629921523308734739863371146003003012828627510852950182344553216875594,
12854522802396858878004663179605235785640235917147764429497759339351419916,
23750646817329045980967296305509559869792225887039657537475059945597796359,
21276370487078395134347016187282556037180723490919765103771612143881018570,
321587346217524241918717900206874480658956010666274775170000602844039753740,
810994922934501188246641850247333820513700203315531785150229096446493261831,
21995877443355533412620459308369251480642908643262486902184431004900406284,
22981150616023167668050689554194764624322270046765051396381427187121664024,
498271629761256584576407360037758162441572378000133938183252078795914489863,
12380791052763393292275081777011603559845060136693492634772078208597845004,
61860728272407753359159701006849272449764405509486308281868782736523664397,
21281555850396157399651112303483774977516825422199970756160727174741256204,
21602487060458371499358239268174956973176517410875779649713237722028585242,
21576604807382316871659244924731430403407715668602235046793620919886557466,
12461517934902698596497431178293235143763678142118119570691247636879520026,
21576604807382340410790752887397872967718130919794341412949130842065607693,
12469826349047837987538510024686418473497184276741998669777913609000595738,
12411077202604633395734199371424004362182047882404780666437094816977264014,
21245320958053440930064244668051691410973897587647125614056915527717382156,
843129464036783559570478103715392461969319018011645919407638571877806387482,
379893299355260148956195135249052924154037520955813085166022913915859707920,
12442143910688595065191709757471340419218101559485461934902143729795116039,
498271917895686589761130129868406228241579807410528270872747769127042555200,
21688758185526059148755979955092926719581661830505883760064425522594276364,
498271589322924594553301267528071857185601939646727596171341953680803896366,
21688758197044275625652695113205477986866710546119945025585469114706566151,
95430921926260052591677000422202457885237360434521895789729852729649536237,
21688758499817453136184359130496342293506444975371218230441213824175456268,
104265157250176078310257096556240724355108356861280788971125204260070890748,
44192357047317330957784658987664399811076304485037871797518504901191155724,
12433516727754789866260059227070242090262151777364529599097798257419516935,
660812949388285187408734885767274043411826672928872660117159910996059369695,
12716803009353969117495097144311688836181300158775612609759248025600939020,
12447320220448700542268681258464902452206284500784557709323031096571474404,
22042533295101596520512893174055213895098017991794992148265046940999234000,
832197057825754516233970030501367108300580113290176303868742132415369059378,
54784761703596035456701147559627662553711685779417175938440862602553769996,
21586949028255347457144935011347475642766338772271683942191020620587759628,
498271589322924323445016296782602788797362224132934638366509091183384342727,
12478378079008955208472462770350788393286279528459701504514774615118060551,
867534103147262821751786809602019958513683140478286518642978490636476362795,
498271884196031255773871836385353001333180904330855005691655656146278289420,
127234169091935119801693192722242137095381282193152784097064869639445552135,
21333318641941603204687729610372983432725820834076123955352224863732459527,
42432411730553724767627986598261066321149174111749541459671135351109581845,
53026177853848303602129451099686749818248680450557423837277814762053335065,
21586948970662687950892247425106495091317463113954786488709620839253043212,
22057993131291016014828008451585364237886728164535206982248885949143461913,
356923864571047572220158169190262713718698360586016944660801660385123905751,
21586958177252573009433183012158305792980333332825849434202917800872536076,
12716479450909988250357950242279469863049190496455504285505553123986387226,
21288517507968129406690593699487647602594546309591773463355520057516255244,
498271992035938445095613192231228032095043703839157096412867442592296481050,
21688758155906594213787868118572765564731106475486015929848448106078722060,
351624115324799091454478118958066341484075151876006932700448078001603615801,
21214263104429793678299426225216407080271539433701062635004272373016061964,
498272015626226021691312180726897422192069812377998070958377597384949510426,
12854522802396858517770061004954178132701199292913481988912529086754133004,
21238419629673116825821327834295455460288153661045781150515539622605488135,
12411086052127720552225913153778255838521488170858799766597521068132422668,
21688758414251178492902266144117658670280111109393688899086336106217615580,
12854522802396858802841972374982079352669778373875526632913096703206235157,
356926012949727887286038874144587106516017540330820349344540938987150277639,
379893299356900832506289107171757986018952160633956255299234629591707425827,
75995604213382865149430550274701587354540990660725723680515107311330537977,
12447320220448388255794362176824239686437552002937083280423486371232477191,
21214264750299082047865889624199237610151313304663465334960437183061700831,
63618656658161284256507526807708326036860234983644699221575375788874669338,
23343443772995375373470958752953657574376848332476595278566946068576126988,
21276370760232151649959051831949634202523788595310777048905088951904351473,
99378552336671550109753453485607422233305344474069770509261869128225927192,
12473201769249220081143174715477501902978070229002904220117313960646077497,
394019414991012493665998602015421387714685083642177705381950790421953131004,
22981110960695570432032364653365907671948203311479084146438038891912002572,
21229792320027482517505147103408937692187298442534424605911082419013824794,
498271589655316159319735970271223104497224641682485755486072336406615699738,
498271628076402935081919747945385395635684206819146008803671086620069617676,
498271597746319917310502675216780316603978714396948394740495624386534993932,
21688758414250503704477685082683142450933854538633980258406135377727531020,
49523523075838655508635264704836993102025542079348282984713310232247278630,
21688758471843930586364041047286493512672553411592848860948921391334300703,
21688758481716731954628803379708810519841458921570494941269174987545123883,
84829839537584925861344242543534227521376927067102656636763123776938318894,
12783780354854437656154748767350833667993905247790180909798492639349210119,
12390372013305357930685853338023249798956535200654578240799355858864582879,
498271671886941368140771045559300237546652151060449678681871511108545964044,
21688758164133908287063505412890837905473600590600483835967235816447599628,
12478795594921141157042145798004255715048851562492672010091132388365048893,
44191954324982863911989927306860893599014867344838423122278900119568915469,
21654250241980423487358823175746124083091701956797776789991131820249606156,
21214264749943604234762060695431574325869118887261305067654474089563697434,
21688758414251112583564517931504753832640259605195568343201001976684879130,
21688758136179493556374144124000562086109934677806312599723898661645594645,
498271589531903350061655862546374852274680591285850658547883924084854103065,
23455607164025521790280633767573014856565150742731524268752271579986009095,
498271589834676188609161826892603160641031069943681650002872261608249253909,
21214264750247315528471888349746422231320745933651797562251266655974857735,
21688758172361790437411646266928262085749200970601589415491943044316405018,
21573154394950163115643674662507253775732272053044635487501097543026088998,
498273366993273105352988453418232827045136421960001046303160493108691480858,
394028075873492044198574853746491801498323811215299555857671476791151207436,
404630883699059531619739535632692341432197086112206921592152118697192886279,
12792407537787911737321839239476163567164934422433883824766087957026184238,
742087939643040867337452546189862661426143037926111509397843700435860336683,
12390372021157313598180843351390261822214680364908152359930535297109186742,
498271661776173968242905617258573547073810546812499534192817254712015611916,
12380905632536728682821959623007060886199912353023113314532347627667984396,
418763532058003555659737553443953273222902549925443502477496819027346988045,
247370679384108935932667112380451273271180451154210450983301128606540130316,
21688758149324274683546807303240147123018816401371597542257306463541145607,
12807936467068169011025566022882675288524163471603052701783833011578477828,
12804485593895170280778539453519227560526448366602977645146332457003398454,
498271589322924349844074759823383288380813792662800598957394936764846583851,
12807927986138111653200227224431071131210835350583600901037662205348158471,
21214605119646300140017260914783582106967270716325847120172172209870366732,
21245320962990078161417393338809870600153603683647052007960435052196671770,
12523369109192646867422404324084691576692101450798106877011388605097062682,
21214270178453510545335512038163013937174601606971978503329720520457329804,
55086310835917405977737631312654321548746593369224296786238475724520436757,
12380482698372905989507705828200240678039221009185272524559460181177564167,
957643246161073754870024095519499095200765940278012630869991804488692806171,
22139088992697303502238878523364401671739662421725462957709791260288519180,
196132114505536091674905585817788786377850039940738428414947002254289285156,
22144639038113429188348686843840026411872650575001895959629921481123705868,
968244663864080733235568859495404875574234193036890870656625090371920075822,
196132193256526775789754464638674387088366396216075133924864265743310706701,
37873344966803371239927129816477027679821930896591750766030747036219909132,
12390372348612747185848212215354153621886692110226873210555446704579074294,
113099830664671713712184694026838301456577979639444189404577574425084585996,
21654250276535725736598021031969290365632729419308703054002935524990674956,
21255665527773798187965380823615272053186578721468852283417621402122989850,
127653001973463224688703099971620557804226078265015253065880294214047117362,
81296598663539623873996427501972276153290191112900683295075594008431434826,
42425087040262155537913708697684992410973542161188303302974803608684750860,
436551403269304522962201417558330878442792184907899307063960975952161564684,
21224615791415269760834988717053393085907140679015234243424776306455229447,
12512886810742992768290546907040025610342502424654555896573587899942968602,
12521513993676484464015567963566247024367311113396538965570174466421437478,
959410431910182145012864135919294822676677543728477577912691206315899367974,
12390371945464136847227176853044543129323175436854878590215754792566876172,
498271884196577614976702931370461077014523393086897556665191756009422743564,
498271599451014759807563893847592853688450985266058344718975228041377109004,
21214478744544378025950552956754750802237274122387773140157295545220621324,
21688758134514752499002669038714606705391925731675485210221598521693314330,
383426993485048316027099723259344957922486104173920881650854007721527614500,
72815511732097563346692600916373664996936149356832809039315664518827612167,
498271589322924586707043811355336313943909005794011053840997095341937405995,
498271589322924594553422490319878631354000808067631396326778645019317246983,
991213365666813057349826402576561098455462270945200101341600053654332644359,
21276370750359124305774404218640256369212763814027239730966288210126227468,
425831796515362885179288921015344801409833302653221011893417986364683595804,
104265157250147153402472928928191314729436640922239253053883636687516755980,
12816563650001692834056765523580071792240367060797052329440211148487574535,
994747088441313160087954255322404996107915238818225497148332020985292140587,
498271963391433804968278361835598422008925064325073056467544668356428755980,
21688758165779412844380221722015930637654632670912864579886391390811458572,
12804589718523028133472058519161568408109158092633470553678208303203621960,
28290634041589526212280108982462972204613836651147025382075805689874226316,
37125447319074587062778753869641362651620611726416988021422651102627915788,
42718834202324162784303746754811924648115643174827499071136716674580113420,
21267752525543980330467051782196444450578716050725435858607222803493058585,
21238419919273610014395377348424984531717998699460133986368694355751874842,
498271599431392110153732665479348096732961990248811846772736078350033891610,
21688758481716868481661492970738882350869773282227231455472061482362192908,
409988275010818700690141116474953508891715364642822075660381618965883919612,
498271673571931607010820396622235764316192009541820143471605802414898200810,
21688758491589222606735904003541741347021550089637071121210458650765953036,
121933627897930996325909574810327202302179082532898276776605854083438353472,
104265656000568620975270480689346631213369607310587771635453356589149914119,
21602486433521236749512224534207436546507335420806618159181592532967778316,
447140111435744289756151104577196819348085391548894465640768304517350437146,
75996106334107805096029594666656771244179791574997960529834244775546461260,
21243595526403372674093365650562327491223485072597033742620574119494969356,
498271628076549166526702075267200986824348924219167282142031635896863830298,
1023016540821819656619734694498676945846879753482508872454226687422683502604,
21243595526403385228296836376824684025452096826411103796244817222138090508,
498271628076549166759641397478816093294817479663123043361210954969719517466,
22990192269976699094110198269039105298457123940949398746491907594714709004,
12404184305780934678010715350517076568230715186312103998060198735519979527,
498273323183343701812911313118772083016509330615154989442642319069040095590,
21224616196209412418338023039083946287720174885887430389229727602637288461,
568936845173774883916826894062676294255124973119000350704539213704852418842,
49492960578328926913373372150910313453776137505419367536775282837302554631,
23012168511546716033286405590608824745229890876044163115535123716132595724,
21262575817571828062237048732445176555030477333099053474127400972722385178,
498271641557104211874800642933911249422797096183036847961584773199065788698,
21688758126785324012570961905178205074362298059578308282016658200478311436,
404629158262165564447547321574272840154341407046791157099041564442824285225,
498271619651233196776565857709168722921072429853419902406381127368986080268,
23455605214103498575522736416655640599426776128488480594469801238610343948,
498271629761245335734502375196376364882452947747375889722644495781973927957,
498271589322924291996908709627576435586761318365129885691552244083417185292,
22981102660778521086353461149561732381664429869346839942735326146838141959,
498271943170925838786972358262719920019247627456126067240936934301084168199,
21688758185525393776262365036197273971494387438957762769126563329489468428,
445266640752291767562514900483583495976228404899038520125111964508000099569,
99378337042439094735837164434528219360366014928719090575882936254015680519,
498271589322924632216077547130478761465496541057118603359812743537992151097,
113099392574080855586660091477129028357887998575282385892966103175185570823,
12487005261942763545483558743359769439054612735494888316840043878274857991,
12390372345717898528563251620161557283716050708377328637857757788672897247,
498271968445586590437172918198324236178812136896933893671220858224888801292,
21688758534373175951342697235613173154128384508499162968594744537504622604,
498273338354410433132685669867286146324785629500453456701084557666092593230,
63618633068207950498952445808625127847590491422912900383271241704558059536,
12409360615541040154963470742960119225543555924561300866515033749595387916,
12380482698372905989534644303740441826913002429200400953503061444645630175,
54784712838692701229309222233794627871171433950729399735984940621291860561,
22230537159765855946882892012078643938568118260835549791549862039613810700,
12380482698710361741790841720502388546302358655659009483464125903636803807,
84831153826461749702025327843836699974759803483464994312820014250731773130,
434666090814443459447639223369117398077026903371685036371377435525787955250,
21245321278926906088825937946822997176777903257608782050212225413944731660,
1058353482117387343211400377017306486018249433375766572593977927003861430554,
21255665534355816416955379254165879713750965195375148122093275321823599628,
459401946351059864758052753390934760193161535597889523382435481983834402823,
44183296820682389207755629149782882924257719298377280164650360039536879628,
22989868742438985508711225876309049916230623151675660821722268566294638599,
21243595521466796231112393339012903659079160972514156972471230851210045452,
498271884195729151761361474925691209824155392429102791101599726688558657818,
22239164018840134367009712278315772423091602896973933501963125635459102732,
12776942253339738371773499663331400280669905154087085220182995881053664291,
21317781228807434779289526995538705805152074421556206454151726511400431640,
21636995963325182338812421170731992959626766944520034080220356423473705201,
498271629761256584337338055662665561997694690031499993012867099282076872986,
21688758208563295571875345034811497451210254290599995008747238096465299468,
21255665537646825531856699252268978274179784662548209255149378420048146496,
356924188090465427797429256838050023242443362860561280293522650048927641628,
12854522802600940020619682087619974420428456606991781786559668694819301388,
159028374566240704304113006091130479122940571044206434867985315368707056647,
21995877759292408418290522942908548938048814273741982045243319243929302028,
61892429799704630745993779794814319624593789788109296522276082548259958805,
22249890669901985529773947020237785451540425470663896184094128780931536932,
409930004432973577617329828962140983408130159264164953215506821990535142446,
21253948145923509872236068252130265704769993249502859481172124522504284172,
498271912840985838553599184057846926861598476057937759974891494777885307162,
996513834850143891675985246557103406200360400434934493473645051311444514828,
21357465962224561211208239578816242455527503271877339515140524196247943180,
104342362112460319457449027771173333717675514055466897092266888281827848223,
12416262361887836996135494056130444300717396073854174959080110770224166146,
21516214887213036971883242009507664387731131358828981918564415794498781418,
379892859562907760101162697555658985510199246296330696242293136683601769754,
21272927946731960265632966592328362096396864154070991005441508765695502348,
23048767811055112310107415772860346449030740096393990296885363137291759898,
425831323039486892297013267213693667215641073370314643588000036396468280602,
445286893171241867600637898316517523709830113791602130114385036973904538631,
98964616055525964770611960504436110263245369066978493504631292652402716679,
12776942253689894351323188808523274136259288592422727979203468542639444999,
12473201769248907795496462414675240671346139779207445139419608149509812839,
53028317807832890276192756923061658036067981426603935484085702605906391658,
450574653623473990318821388685225185643419410071684095999789502659020463171,
447033487817189102947042668037083726625883407750724199843564386079751612488,
49484212084277548938933273325127101050576879623659827417950639717730262023,
121933627897665851272757908684622924598639044602770176657899980624316411916,
1100890678714229604091694211968572881585866489748768805115910300135135083527,
12533592049783355043992765431727712157715823719890541595643009014235748364,
183764342997921420596279998600725368660643820591184215172544428706974674987,
21250489175230586774423248355906523231438736911012889831137860697341555724,
192771339496150420292297285523565208083648348362945459581786047750244151538,
12854522802396858667954802615587551475752954240993859880485146566457583628,
21404062109687025939505643139316899619626913335315316376945876801008790535,
498271732546128779191626705157435019369457530769426851962185029520731418906,
385383365955466626043248295649999240139818244689453376636453082291720282124,
21276370697702978471584108952602192329847049227606366797568535255583831047,
381660729420932473759952328919239130810107716819498638306898622116333105242,
12380482698409864021015302365798269963365136775793009537519995924213164044,
21350573578790235977867784867745830908850219009773868085339774869393388150,
498271661776268777887482342257441591330970184737285053200632474727054586138,
362430024545992544754711226839203128876486947775698098697823166713379893260,
21243596512060486796483435048180205390961326894584476179586958863757227015,
383418113552775517057671831637882781410321856797283345698739702251448704282,
75986732706319977542325719926093103932676545466504138797260750811797000205,
22285750980799265741022959373676254171286100427861677118547821803646221324,
12854522840241883066593137252188521034396745781887944113017044751148396679,
44191922309950203678849755193191903587707596407886143483664634033320561671,
498271658406199918316687454011122655869301383082273236082974282863235852300,
21688758437288509072471336947874327820092253473458814992913344793033247756,
42426096353151837679468820680116186002390867767033098241261424784538874007,
498271830297240246941483594599421541060913586225476668745717064508009375756,
21688758442224104718295678728541156888136261915880255108669030334786109452,
310986263829149021876080128546839547534893495823151239749530700160144776348,
21243596512060486796483426279110448152822766594311170786266696032319460364,
356915197400369038988589415440250120171380099614422361285222822710587956506,
305424243342571270816462580908998265429961775465630758339148139158581255,
21730169627864185786161344728650881868988899404984665266979241724687443980,
498271599431392110265604839962571921358870731924102736089230053464911917338,
551793374038973601749164877358600673888820053856426347093722035139483299852,
498271589531903317520645517213789739654354141457550543826879046534341188615,
23455607196935612936704754639217352361857319947844658720388838404485291015,
498271589834676485202218824154474111949388536404770139676339996359092375587,
21214264750281061389612402974779608225732439036534459477139486122752089095,
21688758491589674557740584221758565559052281747638268242700143498877738266,
21605937690097448109867232839586697866631175057077921309945826127378390248,
498271655036248365445335325479982945903309164611818043914685456012414038298,
498273693882626444542235999428603027703927905106179426281227360874131388428,
21688758127249729143738021437219610546231777170247741740451805937542416396,
455867723140690501105549646972667711101753895113093518239457903177809009905,
42427235419152942670427124215121791652753431618764034533066304338784784391,
21688758166079790391081857345614553654059383944947232673231562235659164932,
462935111401518642121667334511951376692079762109156821554216576670316370975,
457636295642145572415715966810012239573758263943940389712793846516546548351,
12380482698373394033977566412329237653669038605332793893936192443919637760,
23093673072304367170301578566383952975878815370777092742327573020069081653,
394019389716062493557085291209840657505697875851547372570730554420175582490,
12854522924162682968818300808910160579382016591845571434112657770189762572,
54784478624156030303378839050666569558647005712359422638218739386165537799,
29341061103176196264007001142101607495667397683488244108467824221336360972,
12854522802396858643434898824388136680031346777478569867073362611369240665,
21276370724031051388718915894051655381463813691804072814172293570982195207,
53026304228900410223074525149277515597732701249200880075168362129883410679,
21245320958053777910912778376617519221062281768186039550610527754215778316,
22247791315152589743157666322877104533338278863655013123667355649931489562,
12575361340012597544116356354126894331901282207334246945122803895725208680,
381660146420134948906396161582559093299584462080445352178648051478859629189,
12588806020557717217189998671232682448563391955155827270618999404735015943,
21583507549259004094796263150983206591453444021703024611596642530963239559,
498271747711098779318274513275570877184168676949465091320538512826269970714,
231809296818247157197177430211440909882022966208620059404155001114939567116,
498271612912233189920882124548277147980664149189670944054354763537858966535,
12595707766904482672283148955041568428260493362887858128546651364403452935,
1143162359832464112625962646391789143609420642869644962347018245276785717291,
498271619651246052253721125082363403149001635485619784762412865164062962700,
22132186904519014601593884239946885992840853454240124510227607300266269703,
21295358643750450746879629622745255708534423141530008136779766169241399327,
498271813426863845011598703472582903937833614158177499728658856065557868826,
418763837042301020933192164424234320856264844565500394260050838536298105868,
12380482698681437508304784763545417086229436045243139823511744559321475084,
12628491062051907332940714741193792667543970912042007411282564576675110210,
394019295356249158162047148758308966703724201290296029617029082860514979871,
21214264750173670485175598578550670076445753610569254732585020231602159628,
42416419869816386655218152706274667065823282904182200846769323856517668122,
21688758126592491447259883043568008877483072995756252118724828469223514124,
310986263829130007592485027425952459411806674298550113896144496762488364216,
12892482859816341958378920777376044159571302561599741426887962564517649415,
394019490815862495004185660094327240405586342758933976060637891561357586463,
21214574789808001236616936327083302753567117071142844094245231758491533324,
12416277084650959525973093000323359550698726361878709064948027235769528602,
21250488854357198096762627702895516741447368546582947213000077985259205260,
12716802980143021127681662338572453619565859810130974914860262406613905439,
12438693037515199783537444759650033051989073295462236127419394777013039726,
22337887935823564974397023696167125070125675652102955979776777058914414620,
22343072670566991671454197204927381307943592829669268236616365101722639406,
1169665249468776547438430701545616555360720498266723611401854776965021572144,
445268366188966847770563435137069666887532917605291506026996523190788007948,
104265157249862793722584090477506212429125202618275694297314726779155389464,
459403142706911100695376768148281290164795463127368795714848919654225988615,
12807936467068236014831149299032830923018028297685725192184083956315987008,
265039564097220437692787055905735618933737236698543145033936642762516475947,
452334676042017094798826756985359196665886706207818028033165524300988441613,
118402311290465911450228200612840404588461406141535139748230748231593912333,
24125066548414911279744296061833506773767742764605936252938852222273335544,
12380482698372905989344579052813029612244873566773327548463290943103289430,
1189100317801832103673697946282746735982390544560114274279935565090307190815,
498271589322924385839960400029380331680517824649850009122546562751367576592,
21688758285902166693281947565560221369525841827039595108938816632730426375,
395794922938315422358168818057223921717530900185449353649886696066076646630,
12390372110173163303017776757635098676265974866584485340160620842199377927,
21688758266155098253673806276599197687625096124744990543636174062667196428,
399328617068118053512774366249756374148330764025162847128061395587694599283,
498271993721397909583412015808583984318018944041166488866271939982211078156,
21264292486918666596640989969939340540150389486819619702463772368590347271,
385195456453460390070404053618775796098603836625153195844458940139147636856,
121933225175466387368117151450138647495745029560532696797891990474645844090,
369492251625571085746121975562451635810750522463189012032069865969664944140,
137835922101017926322702775793268025299942351559111056442036302957199236315,
21649073221362278630159243082899519022489808444955068298673999635837904908,
395785832825493219617663919676840063274445719181271362288552300699971498266,
498271619651491913774492750614502314398977699642074059538903503928907841548,
21264292506664721284495462475771094799340432267685530442226097297574337543,
238547150076721114857316864864243690766133642138622305120782034610084130948,
21222942482981174104638221850104048947609347474381748154564046016038842574,
252902653021068084357804461804037476739915928583847417560391517207498352652,
44192180114440208306549463409606545781446392416503275263195052900189478084,
21688758442224085886927616306080558325846353409745752665541245454414800908,
266815087209615494564619071982276546118790323776553695339029964106364886211,
498271612912315143761139333039485383657477325907710287967066846214638196748,
54784589833936032621169507403792318294795573236933314971499413519427705863,
22373748322414055065999932177304011100446969117262048022336094158796823564,
37127371873200722217341133061009048252418091902873931836819142139512369302,
1212069215064177764560398358159209226420608980832711637176630584738598362136,
21688758154261819369470462691980095259058468594346432272598664075609662476,
12711312018213101680427000947208872538359504957287249513064092320595450911,
12716488327973239110012443059265983750947293274349378331620805090503307954,
12742369876773706828432783156966422438214945148522982825278607270929773166,
1226204316786761511723112198908169594076888879348184781256085005832255713972,
12447320220448687988377995219518385299569717898864859397018120593585777676,
498271599431292479990719975404875596106537508972248909534896615201626402847,
21214264749961280813786620734753295681434586104813637572136623382063142924,
21214264749967708567509621435811006239625566329362394987634060758118047002,
351624437159162430565532499005190471052391738500216405354714502720744594714,
21264301856413198390571620150362024235339550151652648560224886242867963916,
21222890275844353368470257542887777099886803629756256143298875099075064090,
12438693037514926728731967813330685565636641472117314791180941460214127898,
12763075115814086688614713735449361236734951814172030475035330680221348902,
22990111390578605172206650810346003081209918950027986114126305395978810039,
54784417964276029240069198936979148844812152998912709406965924857159854312,
21688758126287206173567494971698421311730505971620715826163409304223226892,
498271589322924512951312128638756049900044572799410920409932005814736788493,
44192357047344629573612884672562999785809602478402539522245277059401128967,
12854522802396858540756776543474544616739552752777152892424656609224624135,
22989728903585761816294780144053458708297051072258471408362166674231332871,
517698310181289389549587504533798641210198111802931009166342452395051870220,
1254473800738352326387733936211213819890444644244407752298635902887504404492,
44212622509940969147388011855651271651264921023240332062647048727850659847,
21224615821034396888234553122094473328592616052381144001895632712308647948,
498271604486415855912757154957888999458043244589612695314208266388905144602,
21688760132158338071013116745131560141299445616030437539831809775473042444,
498271963390643191510190947950933627326495941030276896028464490260149775403,
84829839537253895873304075522487042734764608070283383531549903073217354759,
21618015678746679437199591772706040274032853307429469322804320681945246727,
498271624706247301276638652421486737396032628871359935083302664424497660086,
21688758519563878173114157536565717786564544170401843488023757028823455756,
498271589322924512951340563615664642506431962655346062744813590532931465273,
44192357047339808787065027437322373339348148384167257636783569116720012295,
498271628077355849342165329178757112503713105879775688600801058315186798599,
21688758154261411357884206735831516229546798510793366775510121710976266252,
21255665132852704430509268410220613755835686352677431882334081915352521759,
1185566494206835931453369971656409444613381051970640930505519074031238656007,
1291577334664201726110017692021071219697439020239808876200738596326864868364,
356925558038433089588248552257421930097816243633135312587168904751674850316,
21215477947580585214641858094474709405721447296802158308157560972221881379,
498271589655316485315656497660751868458699548331794674514646915478376689946,
498271884195733972290450081295477840756538592982104020320041846365771490316,
28291498454452494951437686816532197325714986277344873066556941654029466636,
321588038743207354526399061077077624954524384337695407463910490996795782151,
28290298726944744712285797811676127125176101531467212608968669804934490124,
21688758126613381676678965747186157706805548717377388323402828509963642892,
21688758442225126316621071842954993298785696923260268553255988510501903388,
22989738387163643587348023643547865947538210539685585905785734087135211722,
21238420383305916735461842340206069774462352750672632636048099977516298522,
21516214824683863793677412407618821586701777519455949201214585221773537562,
12416262361887836995842164831511582761423125998033931784974360677966683418,
12716488327973231514964429992521916089164512619290893907363490151851373606,
12380482698373105287243861443332083386389055077037662169419971574684988135,
53048570227028851011231554746883483949969616874963292047528890863366183982,
21238419191960639495814684716403587457352807412159592698889315526362805992,
67163094327715110715321665320452965052059086840574985361195596441561608474,
21688758177298302540107313435106363345235855252134945798262075018604947671,
21214785413904394869884490037009908409035530156116753739021823872192224299,
498271655036650099666758415825450993816497118842187714117458035912054157594,
21688760166713323326659301663391192224991603497812206546553123863964908556,
21688758197044372920729593606757570588164651223981689991604284486935359722,
434667283801948473567720948319813233006320676350343052506315994281801686253,
21688758519563250462940618868489136844144071803204057543981415697828525110,
21214785413904394869884490037009912492423933207180051465100330361433365561,
498271680311600100141938160897948864794539538509996051660504249032230580506,
21688759896850575926023414924921836045681951911937394847348043826576026636,
498271977178232237010153537371570873579908211472203792560912416690896878656,
498272014253095418014534216079094145360383088352994155539429919339953853452,
62281475319893253349688463335305734577540475864658153074599774474701373452,
12807936467068557716383385683880099895920513366309663566095559547152525324,
413454717538604721363991476487724974720301972842001233070090738700027703332,
12854522802600939640599337893002774067347467366867587748464410088142038032,
21688758522853828026889606759501906881472082255012222761558158381438147591,
169638498646963443354491557638606918565844898271053689311357967511322631260,
12521901220506781770432679884796062787078283867455166978634087039498304519,
183928111637803730794886163911614403627302344838162882623684618699997721290,
192607510488825328508363540912527481050083753751071085134130539399768429575,
21397159795649182098082940562907415020462966658813488798863313385507826695,
498271719066060636267098040775088166236499209775485334505683614197140796598,
21688758480071833137944935554967774607656524753026501337930278074898828300,
498272015625539859054867540787550519842907612551755593640301239975800746210,
22132186904519014678219413956584554325742907523380247747846894958047927303,
21688758312229233704892093767273223821926263910881424392704716882195788029,
21688758315851236284972130363664985825941456922708389605629472762924899448,
226177604719876561690050510251120495849811158258356768757296754349186227416,
12390372284753975816340885394067308949687137601619269872047929152598272007,
21688758505053729373954710767636764348738924167507584634085882050670520332,
498271919618785698619428655818487084793055729123260860508480995004738706652,
231477731396738300357566817861411135475932863222655273252448096452466651148,
23324473257761152762817305499404502204688198361709983161310391630370727948,
21688758127146885072529234621549551133839747614240644002411318066025607450,
233577762972238289111769013594515375324644618760303719428989225605749808325,
249146293034022787906793665423123114312888492704142680922527851148996798476,
12380482698372905989221465597291836700560357588150806714073208475657463820,
21264292537929307873877540175289608325330567191805676428526994218927796448,
498271899361520297310115646806463058407525128922880809836009079496027156631,
12621589315705113629689499910676006218079897471488483423763749692580568071,
21255665409297470060685895162309275293646071709218375631975968913934523532,
325121844082536090491733780121081915042219966961976932120777451726503424025,
1344582706611485668942979545596966396596426863105820307113880314864545851404,
357246776890911508412987984289213113510218578943861893349212821230763130892,
501805746825363974917611892163489407091909775646370198955521103696163554339,
12902835479337014278528660280425317437033827006913733679582814271476633607,
966477434748911835131592982112242056412499885464543228545354911184121246461,
322865431851134095305471687444326842180636195686342153619884563880917086215,
12854523315793508309270114470556428731999232539199938422484202042910107661,
12390371936808319555636610928550457169129638740741312555204137409237313543,
21688758646742277550403121782535027075232644468009523045824479736490125324,
952343200875810854252736654701752949886928072157392998789486197115753340228,
21766402820400655724426268081977708099576568343410708638441879098588733452,
21688758657786323759522881227786690607709818635767558554625091889572884762,
598982335388232961781384660844890671229164720329004260359328415415140359500,
21238419284108850888409845076607288837773890250559668611785972658425551879,
450558659233647461327794960494267439250915285391457508143422774160772832538,
12738910685575157190632825213365571236907457561608183206456087658960531463,
49492475299815993880374262487907640772522994696910403003311232456944019468,
21809539924767946615969887972315061936966862874577160455620688981881284620,
12390372223554752281237530225814077608002364738393358771609615652072993050,
498271612912382635184646953452822649842051695533122207535869967068044748812,
53027338816542016148290055448784016814777496639898483610829275018222920716,
21243596179668594051187868658560106955869517698329122585274154461243402252,
21224177585766049293448593578451490945618777332202123339036552555255574810,
28291569214445473337998592736649308128113802299507283145826337400189629447,
12404184305780928401806926320420030825472835563985963398916233181427689484,
321609554745099234739336777240645949493504133449581136394106768697496449802,
37336749280907773356293749090905377474560551051824894356300492300005590023,
12404205993796356793206531444607038910137651696875634296230895980943399943,
1298660221522213903789751584330652724387099641922393177735000259276633719959,
267099320887130951055783919479965550097028481323613461122452642619244682422,
312744036768637872226384079717156657464911671524690350851817507840167446678,
22989729200541710585119249305659074109219737207520520299096645683358220313,
321757942291555232689834740940195939884045435589506936373163274368806213648,
28292003943886194915841594470394030846686382514334956153811673068658148359,
1394063051494666014305696725096560192543302090454857565960304988032137448630,
312744035523249629951007231524984649910737322270104845842291915296019061773,
28433656793930826976284546828158210399830163114298208893485317079464680666,
28292003943919940614771033266155265182347327133523182058900045784865200305,
12685430173223054129762546104787980718637562651716753764584165405193426102,
43782965490158092050566911207254034815331206552818957950656688600975955741,
1415256919017806770125762818386363674249583438009052907577726530505120334855,
12785783363383786543657485534168576918257423294393673146069040715466284214,
438437142278806219416273001726276789703034761435945219272015113046814897164,
28292003943966541818054543984099888794731578208489444070635863236292915207,
62098717481010364593923653844398621172341592402101360234165884283686769846,
312744315283478982365513231435613026815937123147990123284243996600337196088,
22989729292689965795106787516628107893719021767168462145711071896825760918,
37417844800482562591135748657976747470771851549590134238794230534331619344,
42440870418744195162550498109851625621559623248816749846393839260609064984,
42440870418744195162547504954498371932383142102267409938074518175798556697,
61900049370392296503893014032812556059040109240229720368943939078553647129,
29680972349353404732177871728885487436785927257211944914164375102387395597,
1448842222028376647131085192074682536858156768638618404124247106244669639687,
445266186140249892206957231951344487115204158372695662545172789358217927693,
28292003943879768772530713982076574520785862492673507806042732324642107399,
1237680037606524256134683180004778737151772984144319670